100 165
5
0 750 450 910 880
750 0 1120 920 810
450 1120 0 1110 800
910 920 1110 0 1150
880 810 800 1150 0
8 14
6 16
9 12
7 11
10 10
20
EP 4 1 3 310 5
SP 4 2 3 330
NP 4 3 3 350
EP 4 4 3 370 4
SP 4 5 3 390
NP 4 6 3 410
EP 4 7 3 430 3
SP 4 8 3 450
NP 4 9 3 470
EP 4 10 3 490 2
SP 5 11 4 510
NP 5 12 4 530
EP 5 13 4 550 5
SP 5 14 4 570
NP 5 15 4 590
EP 5 16 4 610 4
SP 5 17 4 630
NP 5 18 4 650
EP 5 19 4 670 3
SP 5 20 4 690
8
25 1 3
30 2 5
35 3 7
40 4 8
45 5 9
50 6 10
55 7 11
60 8 12

